{
    "Rotation_Matrix ": {
        "type_id": "opencv-matrix",
        "rows": 3,
        "cols": 3,
        "dt": "d",
        "data": [ 9.9991013947616347e-01, 1.0300339449038009e-02,
            8.5799755240851035e-03, -1.0310652842030732e-02,
            9.9994617251849283e-01, 1.1586645708426227e-03,
            -8.5675790472239961e-03, -1.2470256016592939e-03,
            9.9996252005583608e-01 ]
    },
    "Translation_Matrix": [ -6.3847721225055182e+01,
        7.9691141166025015e-01, 1.6204568837394101e-02 ],
    "Essential_Matrix ": {
        "type_id": "opencv-matrix",
        "rows": 3,
        "cols": 3,
        "dt": "d",
        "data": [ -6.6605218292968950e-03, -1.7197465518859457e-02,
            7.9686276780523979e-01, -5.3081728589443178e-01,
            -7.9452830415598849e-02, 6.3845467250832677e+01,
            -1.3852811247704599e-01, -6.3852492921072582e+01,
            -8.0815572919417031e-02 ]
    },
    "Fundamental_Matrix": {
        "type_id": "opencv-matrix",
        "rows": 3,
        "cols": 3,
        "dt": "d",
        "data": [ 8.7626575045990039e-09, 2.2580653724024726e-08,
            -3.0985802118971154e-04, 6.9697487169631081e-07,
            1.0411802436662512e-07, -2.4126949163725462e-02,
            -2.3814952117031125e-04, 2.3583461683909339e-02, 1.0 ]
    },
    "R1": {
        "type_id": "opencv-matrix",
        "rows": 3,
        "cols": 3,
        "dt": "d",
        "data": [ 9.9996308626072294e-01, -2.1799409362816455e-03,
            8.3110753482515398e-03, 2.1748477658343644e-03,
            9.9999744169406901e-01, 6.2180584801746822e-04,
            -8.3124095860007026e-03, -6.0370757118563599e-04,
            9.9996526908890349e-01 ]
    },
    "R2": {
        "type_id": "opencv-matrix",
        "rows": 3,
        "cols": 3,
        "dt": "d",
        "data": [ 9.9992208374541880e-01, -1.2480466084279286e-02,
            -2.5378049407541198e-04, 1.2480300509449841e-02,
            9.9992191071437730e-01, -6.4387304876673251e-04,
            2.6179651228563222e-04, 6.4065562376090042e-04,
            9.9999976051145034e-01 ]
    },
    "P1": {
        "type_id": "opencv-matrix",
        "rows": 3,
        "cols": 4,
        "dt": "d",
        "data": [ 2.8252797048726620e+02, 0.0, 6.3793434623908252e+02,
            0.0, 0.0, 2.8252797048726620e+02, 4.0095514640025795e+02,
            0.0, 0.0, 0.0, 1.0, 0.0 ]
    },
    "P2": {
        "type_id": "opencv-matrix",
        "rows": 3,
        "cols": 4,
        "dt": "d",
        "data": [ 2.8252797048726620e+02, 0.0, 6.3793434623908252e+02,
            -1.8040172720641989e+04, 0.0, 2.8252797048726620e+02,
            4.0095514640025795e+02, 0.0, 0.0, 0.0, 1.0, 0.0 ]
    },
    "Q": {
        "type_id": "opencv-matrix",
        "rows": 4,
        "cols": 4,
        "dt": "d",
        "data": [ 1.0, 0.0, 0.0, -6.3793434623908252e+02, 0.0, 1.0, 0.0,
            -4.0095514640025795e+02, 0.0, 0.0, 0.0,
            2.8252797048726620e+02, 0.0, 0.0, 1.5661045759500468e-02,
            0.0 ]
    }
}
