{
    "Camera1_Matrix ": {
        "type_id": "opencv-matrix",
        "rows": 3,
        "cols": 3,
        "dt": "d",
        "data": [ 2.8197196576098122e+02, 0.0, 6.4485178614340714e+02,
            0.0, 2.8252797048726620e+02, 3.8080459052454063e+02, 0.0,
            0.0, 1.0 ]
    },
    "Camera1_Distortion_Coefficient": {
        "type_id": "opencv-matrix",
        "rows": 1,
        "cols": 5,
        "dt": "d",
        "data": [ -2.6727640531510327e-01, 7.3321508879753500e-02,
            1.3219804527833208e-03, -1.2957479196107214e-03,
            -8.8488159881744046e-03 ]
    },
    "Camera2_Matrix ": {
        "type_id": "opencv-matrix",
        "rows": 3,
        "cols": 3,
        "dt": "d",
        "data": [ 2.8197196576098122e+02, 0.0, 6.4600595035572246e+02,
            0.0, 2.8252797048726620e+02, 4.0730010980820833e+02, 0.0,
            0.0, 1.0 ]
    },
    "Camera2_Distortion_Coefficient": {
        "type_id": "opencv-matrix",
        "rows": 1,
        "cols": 5,
        "dt": "d",
        "data": [ -2.6315933320047930e-01, 6.8633187431897683e-02,
            8.6997186144062823e-04, 4.4969980111085036e-04,
            -7.6571214827078019e-03 ]
    }
}
